Name = NACA 23015
Mach = 0; Re = 100000; T.U. = 1.0; T.L. = 1.0
Surface Finish = 0; Stall model = 0; Transition model = 1; Aspect Ratio = 0; ground effect = 0
?	Cl	Cd	Cm 0.25	T.U.	T.L.	S.U.	S.L.	L/D	A.C.	C.P.
[°]	[-]	[-]	[-]	[-]	[-]	[-]	[-]	[-]	[-]	[-]
-180.0	-0.198	0.00755	-0.011	0.355	0.613	0.985	0.990	-26.245	0.235	0.194
-179.0	-0.322	0.00980	-0.013	0.209	0.676	0.982	0.998	-32.851	0.235	0.210
-178.0	-0.444	0.01181	-0.015	0.190	0.732	0.976	0.988	-37.578	0.234	0.217
-177.0	-0.566	0.01267	-0.017	0.174	0.777	0.966	0.988	-44.665	0.234	0.220
-176.0	-0.687	0.01374	-0.019	0.159	0.814	0.952	0.987	-50.008	0.234	0.223
-175.0	-0.807	0.01497	-0.021	0.147	0.845	0.929	0.988	-53.933	0.234	0.224
-174.0	-0.927	0.01638	-0.023	0.137	0.871	0.889	0.989	-56.562	0.234	0.226
-173.0	-1.046	0.01859	-0.024	0.128	0.890	0.819	0.998	-56.271	0.236	0.227
-172.0	-1.161	0.02043	-0.026	0.115	0.909	0.721	0.999	-56.833	0.239	0.228
-171.0	-1.273	0.02238	-0.027	0.104	0.924	0.586	0.999	-56.892	0.242	0.229
-170.0	-1.380	0.02454	-0.028	0.094	0.938	0.453	0.999	-56.229	0.242	0.230
-169.0	-1.480	0.02736	-0.029	0.081	0.951	0.378	0.998	-54.104	0.239	0.231
-168.0	-1.571	0.03072	-0.030	0.068	0.964	0.324	0.999	-51.136	0.237	0.231
-167.0	-1.653	0.03478	-0.031	0.055	0.985	0.285	0.999	-47.515	0.234	0.231
-166.0	-1.725	0.03977	-0.032	0.041	0.999	0.258	0.999	-43.367	0.230	0.231
-165.0	-1.786	0.04579	-0.033	0.028	0.999	0.236	0.999	-39.003	0.229	0.231
-164.0	-1.836	0.05222	-0.034	0.020	0.999	0.209	0.999	-35.155	0.217	0.231
-163.0	-1.859	0.06009	-0.036	0.013	0.999	0.194	0.999	-30.931	0.174	0.231
-162.0	-1.866	0.06762	-0.037	0.011	1.000	0.172	1.000	-27.595	3.145	0.230
-161.0	-1.858	0.07637	-0.038	0.009	1.000	0.152	1.000	-24.328	0.298	0.230
-160.0	-1.836	0.08572	-0.038	0.008	1.000	0.130	1.000	-21.419	0.269	0.229
-159.0	-1.802	0.09585	-0.039	0.007	1.000	0.111	1.000	-18.796	0.250	0.229
-158.0	-1.756	0.10807	-0.038	0.006	1.000	0.084	1.000	-16.253	0.234	0.228
-157.0	-1.703	0.11816	-0.037	0.005	1.000	0.060	1.000	-14.411	0.242	0.228
-156.0	-1.643	0.13197	-0.037	0.004	1.000	0.050	1.000	-12.447	0.254	0.227
-155.0	-1.578	0.14738	-0.038	0.003	1.000	0.043	1.000	-10.705	0.250	0.226
-154.0	-1.510	0.16265	-0.037	0.002	1.000	0.035	1.000	-9.282	0.253	0.225
-153.0	-1.440	0.18153	-0.038	0.002	1.000	0.032	1.000	-7.935	0.254	0.224
-152.0	-1.371	0.20230	-0.038	0.002	1.000	0.026	1.000	-6.777	0.253	0.222
-151.0	-1.302	0.22352	-0.038	0.001	1.000	0.024	1.000	-5.826	0.260	0.220
-150.0	-1.235	0.24385	-0.039	0.001	1.000	0.023	1.000	-5.066	0.255	0.218
-149.0	-1.171	0.26383	-0.039	0.001	1.000	0.019	1.000	-4.437	0.249	0.217
-148.0	-1.108	0.28924	-0.039	0.001	1.000	0.017	1.000	-3.832	0.245	0.215
-147.0	-1.049	0.31714	-0.039	0.001	1.000	0.014	1.000	-3.309	0.252	0.213
-146.0	-0.993	0.35251	-0.039	0.001	1.000	0.013	1.000	-2.818	0.257	0.210
-145.0	-0.940	0.38016	-0.039	0.001	1.000	0.011	1.000	-2.473	0.258	0.208
-144.0	-0.891	0.42688	-0.040	0.000	1.000	0.011	1.000	-2.086	0.256	0.205
-143.0	-0.844	0.44814	-0.040	0.000	1.000	0.010	1.000	-1.883	0.259	0.203
-142.0	-0.800	0.49703	-0.041	0.000	1.000	0.010	1.000	-1.610	0.260	0.199
-141.0	-0.759	0.54057	-0.041	0.000	1.000	0.009	1.000	-1.405	0.238	0.196
-140.0	-0.721	0.56855	-0.040	0.000	1.000	0.007	1.000	-1.268	0.263	0.194
-139.0	-0.686	0.61952	-0.042	0.000	1.000	0.008	1.000	-1.107	0.267	0.189
-138.0	-0.652	0.66248	-0.041	-0.000	1.000	0.007	1.000	-0.985	0.227	0.187
-137.0	-0.621	0.69975	-0.040	0.000	1.000	0.006	1.000	-0.888	0.215	0.185
-136.0	-0.593	0.73605	-0.039	-0.000	1.000	0.004	1.000	-0.805	0.275	0.184
-135.0	-0.566	0.80091	-0.042	-0.000	1.000	0.006	1.000	-0.707	0.262	0.177
-134.0	-0.541	0.82987	-0.040	-0.000	1.000	0.004	1.000	-0.652	0.196	0.176
-133.0	-0.518	0.87570	-0.039	-0.000	1.000	0.003	1.000	-0.591	0.189	0.175
-132.0	-0.451	1.08761	-0.034	-0.000	0.551	0.003	0.551	-0.415	0.191	0.174
-131.0	-0.433	1.10629	-0.034	-0.000	0.551	0.003	0.551	-0.391	0.296	0.172
-130.0	-0.416	1.18074	-0.036	-0.001	0.551	0.003	0.551	-0.352	0.302	0.163
-129.0	-0.400	1.28639	-0.036	-0.001	0.551	0.003	0.551	-0.311	0.224	0.161
-128.0	-0.385	1.27720	-0.035	-0.001	0.551	0.003	0.551	-0.301	0.229	0.159
-127.0	-0.371	1.39870	-0.035	-0.001	0.551	0.003	0.551	-0.265	0.219	0.155
-126.0	-0.358	1.37249	-0.034	-0.001	0.551	0.002	0.551	-0.261	0.210	0.154
-125.0	-0.345	1.44646	-0.034	-0.001	0.551	0.002	0.551	-0.239	0.223	0.151
-124.0	-0.334	1.51700	-0.034	-0.001	0.551	0.002	0.551	-0.220	0.351	0.149
-123.0	-0.323	1.69281	-0.036	-0.001	0.551	0.003	0.551	-0.191	0.362	0.138
-122.0	-0.313	1.76287	-0.036	-0.001	0.551	0.002	0.551	-0.178	0.218	0.135
-121.0	-0.304	1.82976	-0.036	-0.001	0.551	0.002	0.551	-0.166	0.208	0.133
-120.0	-0.295	1.89898	-0.035	-0.001	0.551	0.002	0.551	-0.155	0.155	0.130
-119.0	-0.287	1.81916	-0.034	-0.001	0.551	0.002	0.551	-0.158	0.134	0.131
-118.0	-0.279	1.86227	-0.033	-0.001	0.551	0.001	0.551	-0.150	0.215	0.130
-117.0	-0.272	2.06835	-0.034	-0.001	0.551	0.001	0.551	-0.131	0.203	0.127
-116.0	-0.265	2.01534	-0.033	-0.001	0.551	0.001	0.551	-0.132	0.201	0.126
-115.0	-0.258	2.05434	-0.033	-0.001	0.551	0.001	0.551	-0.125	0.318	0.123
-114.0	-0.250	2.29009	-0.034	-0.001	0.551	0.001	0.551	-0.109	0.320	0.115
-113.0	-0.244	2.33601	-0.034	-0.001	0.551	0.001	0.551	-0.104	0.253	0.111
-112.0	-0.238	2.38258	-0.034	-0.001	0.551	0.001	0.551	-0.100	0.250	0.108
-111.0	-0.232	2.43307	-0.034	-0.001	0.551	0.001	0.551	-0.095	0.547	0.104
-110.0	-0.226	2.63391	-0.037	-0.001	0.551	0.002	0.551	-0.086	0.562	0.086
-109.0	-0.221	2.68283	-0.037	-0.001	0.551	0.002	0.551	-0.082	0.235	0.082
-108.0	-0.216	2.73904	-0.037	-0.001	0.551	0.002	0.551	-0.079	0.228	0.079
-107.0	-0.212	2.80212	-0.037	-0.001	0.551	0.002	0.551	-0.076	0.221	0.076
-106.0	-0.208	2.87500	-0.037	-0.001	0.551	0.002	0.551	-0.072	0.142	0.073
-105.0	-0.204	2.67177	-0.036	-0.001	0.551	0.002	0.551	-0.076	0.129	0.073
-104.0	-0.200	2.75247	-0.036	-0.001	0.551	0.002	0.553	-0.073	0.203	0.071
-103.0	-0.197	2.84466	-0.036	-0.001	0.551	0.002	0.557	-0.069	0.195	0.069
-102.0	-0.194	2.95365	-0.036	-0.001	0.551	0.002	0.560	-0.066	0.185	0.067
-101.0	-0.192	3.10342	-0.035	-0.001	0.551	0.002	0.565	-0.062	0.055	0.066
-100.0	-0.189	2.94744	-0.035	-0.001	0.551	0.002	0.569	-0.064	0.030	0.067
-99.0	-0.187	3.04356	-0.034	-0.001	0.551	0.002	0.574	-0.061	0.139	0.066
-98.0	-0.185	3.15074	-0.034	-0.001	0.551	0.002	0.579	-0.059	-0.045	0.066
-97.0	-0.183	2.98140	-0.033	-0.001	0.551	0.002	0.584	-0.061	-0.088	0.069
-96.0	-0.181	3.09176	-0.033	-0.001	0.551	0.002	0.590	-0.059	0.061	0.069
-95.0	-0.180	3.21781	-0.033	-0.001	0.551	0.002	0.595	-0.056	0.814	0.069
-94.0	-0.178	3.11063	-0.034	-0.001	0.551	0.003	0.601	-0.057	0.850	0.057
-93.0	-0.177	3.26552	-0.034	-0.001	0.552	0.003	0.604	-0.054	-0.325	0.058
-92.0	-0.176	3.10551	-0.033	-0.001	0.554	0.002	0.607	-0.057	-0.441	0.062
-91.0	-0.175	3.28033	-0.033	-0.001	0.555	0.002	0.611	-0.053	-0.635	0.064
-90.0	-0.175	3.15236	-0.032	-0.001	0.556	0.002	0.616	-0.055	-1.259	0.068
-89.0	-0.174	3.07913	-0.031	-0.001	0.558	0.002	0.618	-0.057	-1.250	0.073
-88.0	-0.174	3.29136	-0.030	-0.001	0.559	0.002	0.622	-0.053	0.575	0.076
-87.0	-0.150	3.53935	-0.038	0.503	0.002	0.562	0.008	-0.042	0.564	-0.006
-86.0	-0.150	3.47726	-0.038	0.503	0.002	0.555	0.008	-0.043	-5.847	-0.001
-85.0	-0.150	3.42269	-0.037	0.503	0.002	0.549	0.008	-0.044	43.987	0.004
-84.0	-0.150	3.64406	-0.037	0.503	0.002	0.544	0.009	-0.041	4.343	0.007
-83.0	-0.150	3.59038	-0.036	0.503	0.002	0.538	0.009	-0.042	3.313	0.012
-82.0	-0.151	3.54392	-0.035	0.503	0.002	0.533	0.009	-0.042	2.330	0.019
-81.0	-0.151	3.50391	-0.034	0.503	0.002	0.527	0.009	-0.043	1.814	0.025
-80.0	-0.152	3.46976	-0.033	0.503	0.002	0.522	0.009	-0.044	1.501	0.032
-79.0	-0.152	3.44110	-0.032	0.503	0.002	0.517	0.009	-0.044	1.298	0.038
-78.0	-0.153	3.41768	-0.031	0.503	0.002	0.513	0.009	-0.045	1.152	0.045
-77.0	-0.154	3.39941	-0.031	0.503	0.002	0.508	0.009	-0.045	1.037	0.052
-76.0	-0.156	3.37321	-0.030	0.503	0.002	0.505	0.009	-0.046	0.939	0.060
-75.0	-0.157	3.35452	-0.029	0.503	0.002	0.503	0.009	-0.047	0.857	0.067
-74.0	-0.158	3.34977	-0.028	0.503	0.002	0.503	0.009	-0.047	0.795	0.074
-73.0	-0.160	3.35699	-0.027	0.503	0.002	0.503	0.009	-0.048	0.840	0.081
-72.0	-0.162	3.12176	-0.026	0.503	0.002	0.503	0.008	-0.052	0.788	0.090
-71.0	-0.164	3.13589	-0.025	0.503	0.002	0.503	0.008	-0.052	0.667	0.097
-70.0	-0.166	3.14877	-0.024	0.503	0.002	0.503	0.008	-0.053	0.634	0.105
-69.0	-0.168	3.16889	-0.023	0.503	0.002	0.503	0.008	-0.053	0.662	0.112
-68.0	-0.171	3.20501	-0.022	0.503	0.002	0.503	0.008	-0.053	0.629	0.121
-67.0	-0.174	3.21121	-0.021	0.503	0.002	0.503	0.008	-0.054	0.550	0.128
-66.0	-0.177	3.22720	-0.020	0.503	0.002	0.503	0.008	-0.055	0.572	0.134
-65.0	-0.180	3.01984	-0.019	0.503	0.002	0.503	0.007	-0.060	0.547	0.143
-64.0	-0.183	7.10927	-0.018	0.503	0.002	0.503	0.007	-0.026	0.512	0.149
-63.0	-0.187	2.81174	-0.017	0.503	0.002	0.503	0.007	-0.066	0.492	0.157
-62.0	-0.191	2.82073	-0.017	0.503	0.002	0.503	0.007	-0.068	0.452	0.163
-61.0	-0.195	2.83865	-0.016	0.503	0.002	0.503	0.007	-0.069	0.456	0.169
-60.0	-0.200	2.64526	-0.015	0.503	0.002	0.503	0.006	-0.075	0.440	0.176
-59.0	-0.205	2.66035	-0.014	0.503	0.002	0.503	0.006	-0.077	0.424	0.182
-58.0	-0.210	2.48036	-0.013	0.503	0.002	0.503	0.006	-0.085	0.411	0.188
-57.0	-0.215	2.49264	-0.012	0.503	0.002	0.503	0.006	-0.086	0.385	0.193
-56.0	-0.221	2.32374	-0.012	0.503	0.002	0.503	0.006	-0.095	0.365	0.198
-55.0	-0.227	2.28372	-0.011	0.503	0.002	0.503	0.006	-0.100	0.349	0.202
-54.0	-0.234	2.23687	-0.010	0.503	0.002	0.503	0.007	-0.105	0.350	0.206
-53.0	-0.241	2.03015	-0.009	0.503	0.002	0.503	0.007	-0.119	0.344	0.211
-52.0	-0.249	1.94908	-0.009	0.503	0.002	0.503	0.007	-0.128	0.323	0.215
-51.0	-0.257	1.99604	-0.008	0.503	0.002	0.503	0.008	-0.129	0.323	0.218
-50.0	-0.266	1.77720	-0.008	0.503	0.002	0.503	0.008	-0.150	0.325	0.222
-49.0	-0.276	1.73581	-0.007	0.503	0.002	0.503	0.009	-0.159	0.315	0.225
-48.0	-0.286	1.61130	-0.006	0.503	0.003	0.503	0.009	-0.177	0.320	0.228
-47.0	-0.297	1.56162	-0.005	0.502	0.003	0.502	0.008	-0.190	0.283	0.232
-46.0	-0.308	1.52142	-0.006	0.964	0.003	0.975	0.009	-0.203	0.275	0.232
-45.0	-0.320	1.48962	-0.005	0.964	0.003	0.975	0.009	-0.215	0.305	0.235
-44.0	-0.334	1.32506	-0.004	0.964	0.003	0.975	0.009	-0.252	0.300	0.238
-43.0	-0.348	1.28305	-0.004	0.964	0.003	0.974	0.010	-0.271	0.294	0.240
-42.0	-0.363	1.25785	-0.003	0.963	0.003	0.975	0.010	-0.289	0.293	0.242
-41.0	-0.379	1.13719	-0.002	0.963	0.003	0.975	0.009	-0.333	0.289	0.244
-40.0	-0.397	1.17972	-0.002	0.963	0.003	0.975	0.010	-0.336	0.283	0.246
-39.0	-0.415	1.05200	-0.001	0.963	0.003	0.975	0.010	-0.395	0.280	0.248
-38.0	-0.435	1.02826	-0.000	0.963	0.003	0.975	0.010	-0.423	0.277	0.249
-37.0	-0.456	0.97073	0.000	0.962	0.003	0.975	0.011	-0.470	0.274	0.250
-36.0	-0.479	0.85726	0.001	0.962	0.003	0.974	0.010	-0.559	0.271	0.251
-35.0	-0.503	0.79448	0.001	0.961	0.003	0.974	0.011	-0.633	0.268	0.252
-34.0	-0.529	0.74920	0.002	0.961	0.004	0.974	0.010	-0.706	0.266	0.253
-33.0	-0.556	0.70409	0.002	0.961	0.004	0.973	0.011	-0.790	0.265	0.254
-32.0	-0.585	0.66341	0.002	0.960	0.004	0.973	0.011	-0.883	0.262	0.254
-31.0	-0.616	0.60923	0.003	0.959	0.004	0.973	0.011	-1.011	0.260	0.254
-30.0	-0.648	0.57335	0.003	0.959	0.005	0.972	0.011	-1.131	0.259	0.255
-29.0	-0.682	0.53187	0.003	0.958	0.005	0.972	0.011	-1.283	0.258	0.255
-28.0	-0.717	0.48013	0.004	0.958	0.005	0.971	0.012	-1.494	0.257	0.255
-27.0	-0.754	0.46060	0.004	0.956	0.005	0.972	0.012	-1.636	0.255	0.255
-26.0	-0.791	0.41371	0.004	0.953	0.006	0.972	0.012	-1.911	0.253	0.255
-25.0	-0.828	0.38485	0.004	0.951	0.007	0.972	0.011	-2.151	0.251	0.255
-24.0	-0.865	0.34685	0.004	0.949	0.007	0.971	0.011	-2.493	0.251	0.255
-23.0	-0.900	0.31477	0.004	0.947	0.008	0.970	0.011	-2.860	0.252	0.255
-22.0	-0.934	0.28496	0.004	0.944	0.008	0.970	0.012	-3.279	0.250	0.254
-21.0	-0.965	0.25847	0.004	0.942	0.009	0.970	0.011	-3.733	0.249	0.254
-20.0	-0.991	0.23867	0.004	0.939	0.009	0.969	0.012	-4.154	0.247	0.254
-19.0	-1.012	0.21266	0.004	0.937	0.009	0.968	0.012	-4.758	0.245	0.254
-18.0	-1.026	0.19299	0.004	0.935	0.009	0.966	0.013	-5.315	0.238	0.254
-17.0	-1.031	0.17408	0.004	0.928	0.010	0.967	0.013	-5.922	-0.129	0.254
-16.0	-1.027	0.15558	0.004	0.922	0.010	0.966	0.014	-6.599	0.272	0.254
-15.0	-1.012	0.13829	0.003	0.915	0.010	0.966	0.014	-7.315	0.263	0.253
-14.0	-0.985	0.12324	0.003	0.909	0.010	0.966	0.015	-7.992	0.258	0.253
-13.0	-0.942	0.10960	0.003	0.901	0.010	0.965	0.017	-8.591	0.256	0.253
-12.0	-0.889	0.09797	0.002	0.888	0.011	0.966	0.018	-9.077	0.257	0.253
-11.0	-0.829	0.08669	0.002	0.876	0.012	0.966	0.019	-9.558	0.256	0.253
-10.0	-0.761	0.07686	0.002	0.859	0.012	0.968	0.023	-9.896	0.256	0.252
-9.0	-0.685	0.06804	0.001	0.841	0.013	0.969	0.025	-10.075	0.257	0.252
-8.0	-0.604	0.06029	0.001	0.814	0.015	0.972	0.028	-10.024	0.257	0.251
-7.0	-0.518	0.05373	-0.000	0.783	0.018	0.976	0.032	-9.641	0.257	0.250
-6.0	-0.428	0.04823	-0.001	0.744	0.021	0.979	0.037	-8.867	0.258	0.248
-5.0	-0.335	0.04189	-0.002	0.694	0.025	0.982	0.052	-7.989	0.276	0.245
-4.0	-0.292	0.01812	-0.004	0.634	0.028	0.985	0.978	-16.114	0.276	0.235
-3.0	-0.171	0.01496	-0.006	0.569	0.038	0.987	0.983	-11.426	0.263	0.216
-2.0	-0.048	0.01492	-0.008	0.499	0.053	0.987	0.989	-3.244	0.264	0.094
-1.0	0.075	0.01373	-0.009	0.429	0.546	0.987	0.988	5.454	0.264	0.373
-0.0	0.198	0.01406	-0.011	0.355	0.613	0.985	0.990	14.097	0.265	0.306
1.0	0.321	0.01631	-0.013	0.209	0.676	0.982	0.998	19.666	0.265	0.290
2.0	0.443	0.01832	-0.015	0.190	0.732	0.976	0.988	24.158	0.266	0.283
3.0	0.563	0.01919	-0.017	0.174	0.777	0.966	0.988	29.350	0.266	0.280
4.0	0.682	0.02029	-0.019	0.159	0.814	0.952	0.987	33.612	0.267	0.277
5.0	0.798	0.02161	-0.021	0.147	0.845	0.929	0.988	36.913	0.267	0.276
6.0	0.908	0.02329	-0.023	0.137	0.871	0.889	0.989	38.992	0.268	0.275
7.0	1.008	0.02635	-0.024	0.128	0.890	0.819	0.998	38.271	0.267	0.274
8.0	1.097	0.03032	-0.026	0.115	0.909	0.721	0.999	36.172	0.266	0.274
9.0	1.168	0.03722	-0.027	0.104	0.924	0.586	0.999	31.383	0.263	0.273
10.0	1.229	0.04733	-0.028	0.094	0.938	0.453	0.999	25.974	0.263	0.272
11.0	1.296	0.05737	-0.029	0.081	0.951	0.378	0.998	22.598	0.266	0.272
12.0	1.359	0.06800	-0.030	0.068	0.964	0.324	0.999	19.983	0.269	0.272
13.0	1.417	0.07947	-0.031	0.055	0.985	0.285	0.999	17.826	0.272	0.272
14.0	1.469	0.09161	-0.032	0.041	0.999	0.258	0.999	16.037	0.277	0.272
15.0	1.513	0.10521	-0.033	0.028	0.999	0.236	0.999	14.386	0.281	0.272
16.0	1.546	0.12098	-0.034	0.020	0.999	0.209	0.999	12.776	0.302	0.272
17.0	1.559	0.13732	-0.036	0.013	0.999	0.194	0.999	11.356	0.454	0.273
18.0	1.557	0.15557	-0.037	0.011	1.000	0.172	1.000	10.008	0.138	0.274
19.0	1.543	0.17574	-0.038	0.009	1.000	0.152	1.000	8.779	0.214	0.274
20.0	1.516	0.19820	-0.038	0.008	1.000	0.130	1.000	7.651	0.232	0.275
21.0	1.481	0.22181	-0.039	0.007	1.000	0.111	1.000	6.678	0.250	0.276
22.0	1.435	0.25125	-0.038	0.006	1.000	0.084	1.000	5.711	0.266	0.277
23.0	1.383	0.27956	-0.037	0.005	1.000	0.060	1.000	4.945	0.258	0.277
24.0	1.331	0.30779	-0.037	0.004	1.000	0.050	1.000	4.323	0.245	0.278
25.0	1.276	0.33750	-0.038	0.003	1.000	0.043	1.000	3.780	0.250	0.280
26.0	1.218	0.36858	-0.037	0.002	1.000	0.035	1.000	3.305	0.247	0.281
27.0	1.162	0.40145	-0.038	0.002	1.000	0.032	1.000	2.893	0.245	0.283
28.0	1.104	0.43787	-0.038	0.002	1.000	0.026	1.000	2.521	0.246	0.284
29.0	1.048	0.47382	-0.038	0.001	1.000	0.024	1.000	2.212	0.238	0.287
30.0	0.994	0.50883	-0.039	0.001	1.000	0.023	1.000	1.953	0.244	0.290
31.0	0.941	0.54510	-0.039	0.001	1.000	0.019	1.000	1.726	0.251	0.292
32.0	0.890	0.58675	-0.039	0.001	1.000	0.017	1.000	1.518	0.256	0.294
33.0	0.842	0.63168	-0.039	0.001	1.000	0.014	1.000	1.333	0.247	0.296
34.0	0.797	0.68261	-0.039	0.001	1.000	0.013	1.000	1.168	0.242	0.299
35.0	0.754	0.72703	-0.039	0.001	1.000	0.011	1.000	1.038	0.240	0.302
36.0	0.714	0.78956	-0.040	0.000	1.000	0.011	1.000	0.905	0.242	0.306
37.0	0.677	0.82813	-0.040	0.000	1.000	0.010	1.000	0.817	0.239	0.309
38.0	0.642	0.89296	-0.041	0.000	1.000	0.010	1.000	0.719	0.237	0.314
39.0	0.609	0.95397	-0.041	0.000	1.000	0.009	1.000	0.638	0.264	0.317
40.0	0.578	0.99963	-0.040	0.000	1.000	0.007	1.000	0.578	0.233	0.319
41.0	0.550	1.06662	-0.042	0.000	1.000	0.008	1.000	0.515	0.229	0.326
42.0	0.523	1.12724	-0.041	-0.000	1.000	0.007	1.000	0.464	0.278	0.329
43.0	0.498	1.18263	-0.040	0.000	1.000	0.006	1.000	0.421	0.293	0.331
44.0	0.475	1.23683	-0.039	-0.000	1.000	0.004	1.000	0.384	0.219	0.333
45.0	0.453	1.31753	-0.042	-0.000	1.000	0.006	1.000	0.344	0.235	0.342
46.0	0.433	1.36485	-0.040	-0.000	1.000	0.004	1.000	0.317	0.317	0.342
47.0	0.414	1.42833	-0.039	-0.000	1.000	0.003	1.000	0.290	0.402	0.344
48.0	0.397	1.54947	-0.034	-0.000	0.551	0.003	0.551	0.256	0.399	0.337
49.0	0.381	1.58182	-0.034	-0.000	0.551	0.003	0.551	0.241	0.197	0.339
50.0	0.366	1.66890	-0.036	-0.001	0.551	0.003	0.551	0.219	0.191	0.348
51.0	0.351	1.78805	-0.036	-0.001	0.551	0.003	0.551	0.197	0.280	0.351
52.0	0.338	1.79231	-0.035	-0.001	0.551	0.003	0.551	0.189	0.274	0.354
53.0	0.326	1.92691	-0.035	-0.001	0.551	0.003	0.551	0.169	0.285	0.358
54.0	0.314	1.91393	-0.034	-0.001	0.551	0.002	0.551	0.164	0.295	0.359
55.0	0.304	2.00073	-0.034	-0.001	0.551	0.002	0.551	0.152	0.281	0.362
56.0	0.294	2.08395	-0.034	-0.001	0.551	0.002	0.551	0.141	0.135	0.365
57.0	0.284	2.27098	-0.036	-0.001	0.551	0.003	0.551	0.125	0.123	0.378
58.0	0.275	2.35331	-0.036	-0.001	0.551	0.002	0.551	0.117	0.287	0.381
59.0	0.267	2.43228	-0.036	-0.001	0.551	0.002	0.551	0.110	0.298	0.384
60.0	0.259	2.51335	-0.035	-0.001	0.551	0.002	0.551	0.103	0.358	0.386
61.0	0.252	2.44544	-0.034	-0.001	0.551	0.002	0.551	0.103	0.382	0.385
62.0	0.245	2.49992	-0.033	-0.001	0.551	0.001	0.551	0.098	0.290	0.386
63.0	0.239	2.71681	-0.034	-0.001	0.551	0.001	0.551	0.088	0.304	0.390
64.0	0.233	2.67427	-0.033	-0.001	0.551	0.001	0.551	0.087	0.306	0.390
65.0	0.226	2.72365	-0.033	-0.001	0.551	0.001	0.551	0.083	0.172	0.395
66.0	0.220	2.96900	-0.034	-0.001	0.551	0.001	0.551	0.074	0.171	0.403
67.0	0.214	3.02470	-0.034	-0.001	0.551	0.001	0.551	0.071	0.246	0.408
68.0	0.209	3.08050	-0.034	-0.001	0.551	0.001	0.551	0.068	0.250	0.412
69.0	0.204	3.13987	-0.034	-0.001	0.551	0.001	0.551	0.065	-0.089	0.416
70.0	0.199	3.34762	-0.037	-0.001	0.551	0.002	0.551	0.059	-0.107	0.437
71.0	0.195	3.40467	-0.037	-0.001	0.551	0.002	0.551	0.057	0.267	0.441
72.0	0.190	3.46862	-0.037	-0.001	0.551	0.002	0.551	0.055	0.274	0.444
73.0	0.186	3.53904	-0.037	-0.001	0.551	0.002	0.551	0.053	0.283	0.448
74.0	0.183	3.61886	-0.037	-0.001	0.551	0.002	0.551	0.050	0.373	0.451
75.0	0.179	3.42250	-0.036	-0.001	0.551	0.002	0.551	0.052	0.386	0.451
76.0	0.176	3.51070	-0.036	-0.001	0.551	0.002	0.553	0.050	0.302	0.454
77.0	0.173	3.61139	-0.036	-0.001	0.551	0.002	0.557	0.048	0.309	0.456
78.0	0.170	3.72894	-0.036	-0.001	0.551	0.002	0.560	0.046	0.320	0.458
79.0	0.168	3.88730	-0.035	-0.001	0.551	0.002	0.565	0.043	0.457	0.460
80.0	0.166	3.73982	-0.035	-0.001	0.551	0.002	0.569	0.044	0.482	0.458
81.0	0.163	3.84410	-0.034	-0.001	0.551	0.002	0.574	0.043	0.366	0.460
82.0	0.161	3.95896	-0.034	-0.001	0.551	0.002	0.579	0.041	0.555	0.461
83.0	0.160	3.79718	-0.033	-0.001	0.551	0.002	0.584	0.042	0.595	0.458
84.0	0.158	3.91470	-0.033	-0.001	0.551	0.002	0.590	0.040	0.441	0.458
85.0	0.157	4.04694	-0.033	-0.001	0.551	0.002	0.595	0.039	-0.320	0.458
86.0	0.155	3.94443	-0.034	-0.001	0.551	0.003	0.601	0.039	-0.358	0.472
87.0	0.154	4.10357	-0.034	-0.001	0.552	0.003	0.604	0.038	0.842	0.471
88.0	0.153	3.94677	-0.033	-0.001	0.554	0.002	0.607	0.039	0.950	0.466
89.0	0.152	4.12479	-0.033	-0.001	0.555	0.002	0.611	0.037	1.092	0.465
90.0	0.151	4.00027	-0.032	-0.001	0.556	0.002	0.616	0.038	1.691	0.460
91.0	0.151	3.92825	-0.031	-0.001	0.558	0.002	0.618	0.038	1.618	0.454
92.0	0.150	4.14247	-0.030	-0.001	0.559	0.002	0.622	0.036	0.633	0.451
93.0	0.171	2.74755	-0.038	0.503	0.002	0.562	0.008	0.062	0.617	0.475
94.0	0.171	2.69285	-0.038	0.503	0.002	0.555	0.008	0.063	2.297	0.471
95.0	0.170	2.64471	-0.037	0.503	0.002	0.549	0.008	0.064	3.121	0.467
96.0	0.170	2.87398	-0.037	0.503	0.002	0.544	0.009	0.059	12.010	0.465
97.0	0.170	2.82771	-0.036	0.503	0.002	0.538	0.009	0.060	-8.063	0.460
98.0	0.170	2.78914	-0.035	0.503	0.002	0.533	0.009	0.061	-3.109	0.455
99.0	0.171	2.75746	-0.034	0.503	0.002	0.527	0.009	0.062	-1.789	0.449
100.0	0.171	2.73157	-0.033	0.503	0.002	0.522	0.009	0.063	-1.213	0.444
101.0	0.172	2.71161	-0.032	0.503	0.002	0.517	0.009	0.063	-0.900	0.438
102.0	0.173	2.69676	-0.031	0.503	0.002	0.513	0.009	0.064	-0.698	0.432
103.0	0.174	2.68746	-0.031	0.503	0.002	0.508	0.009	0.065	-0.545	0.426
104.0	0.175	2.66957	-0.030	0.503	0.002	0.505	0.009	0.066	-0.408	0.419
105.0	0.176	2.65802	-0.029	0.503	0.002	0.503	0.009	0.066	-0.301	0.413
106.0	0.178	2.65927	-0.028	0.503	0.002	0.503	0.009	0.067	-0.235	0.407
107.0	0.180	2.67286	-0.027	0.503	0.002	0.503	0.009	0.067	-0.272	0.400
108.0	0.182	2.44350	-0.026	0.503	0.002	0.503	0.008	0.074	-0.227	0.392
109.0	0.184	2.46475	-0.025	0.503	0.002	0.503	0.008	0.075	-0.121	0.386
110.0	0.187	2.48512	-0.024	0.503	0.002	0.503	0.008	0.075	-0.092	0.379
111.0	0.189	2.51307	-0.023	0.503	0.002	0.503	0.008	0.075	-0.115	0.373
112.0	0.192	2.55652	-0.022	0.503	0.002	0.503	0.008	0.075	-0.086	0.365
113.0	0.195	2.57122	-0.021	0.503	0.002	0.503	0.008	0.076	-0.017	0.359
114.0	0.199	2.59604	-0.020	0.503	0.002	0.503	0.008	0.076	-0.036	0.353
115.0	0.202	2.39724	-0.019	0.503	0.002	0.503	0.007	0.084	-0.014	0.345
116.0	0.206	6.49620	-0.018	0.503	0.002	0.503	0.007	0.032	0.017	0.340
117.0	0.210	2.20790	-0.017	0.503	0.002	0.503	0.007	0.095	0.036	0.333
118.0	0.215	2.22651	-0.017	0.503	0.002	0.503	0.007	0.096	0.071	0.327
119.0	0.219	2.25469	-0.016	0.503	0.002	0.503	0.007	0.097	0.067	0.322
120.0	0.224	2.07128	-0.015	0.503	0.002	0.503	0.006	0.108	0.081	0.316
121.0	0.230	2.09711	-0.014	0.503	0.002	0.503	0.006	0.110	0.095	0.311
122.0	0.236	1.92758	-0.013	0.503	0.002	0.503	0.006	0.122	0.107	0.305
123.0	0.242	1.95104	-0.012	0.503	0.002	0.503	0.006	0.124	0.130	0.301
124.0	0.249	1.79350	-0.012	0.503	0.002	0.503	0.006	0.139	0.147	0.296
125.0	0.256	1.76547	-0.011	0.503	0.002	0.503	0.006	0.145	0.162	0.292
126.0	0.263	1.73076	-0.010	0.503	0.002	0.503	0.007	0.152	0.161	0.289
127.0	0.271	1.53586	-0.009	0.503	0.002	0.503	0.007	0.177	0.167	0.285
128.0	0.280	1.46717	-0.009	0.503	0.002	0.503	0.007	0.191	0.185	0.281
129.0	0.289	1.52738	-0.008	0.503	0.002	0.503	0.008	0.189	0.185	0.279
130.0	0.299	1.32067	-0.008	0.503	0.002	0.503	0.008	0.227	0.183	0.275
131.0	0.310	1.29205	-0.007	0.503	0.002	0.503	0.009	0.240	0.192	0.272
132.0	0.321	1.18036	-0.006	0.503	0.003	0.503	0.009	0.272	0.188	0.270
133.0	0.333	1.14242	-0.005	0.502	0.003	0.502	0.008	0.292	0.238	0.266
134.0	0.382	0.99144	-0.006	0.964	0.003	0.975	0.009	0.386	0.241	0.265
135.0	0.398	0.97690	-0.005	0.964	0.003	0.975	0.009	0.407	0.206	0.262
136.0	0.414	0.82909	-0.004	0.964	0.003	0.975	0.009	0.499	0.209	0.260
137.0	0.432	0.80429	-0.004	0.964	0.003	0.974	0.010	0.537	0.214	0.258
138.0	0.450	0.79621	-0.003	0.963	0.003	0.975	0.010	0.566	0.216	0.256
139.0	0.470	0.69129	-0.002	0.963	0.003	0.975	0.009	0.681	0.219	0.255
140.0	0.492	0.75080	-0.002	0.963	0.003	0.975	0.010	0.655	0.224	0.253
141.0	0.515	0.63994	-0.001	0.963	0.003	0.975	0.010	0.805	0.226	0.252
142.0	0.540	0.63291	-0.000	0.963	0.003	0.975	0.010	0.853	0.228	0.251
143.0	0.566	0.59191	0.000	0.962	0.003	0.975	0.011	0.956	0.231	0.250
144.0	0.594	0.49409	0.001	0.962	0.003	0.974	0.010	1.202	0.233	0.249
145.0	0.624	0.44748	0.001	0.961	0.003	0.974	0.011	1.394	0.235	0.248
146.0	0.656	0.41750	0.002	0.961	0.004	0.974	0.010	1.571	0.237	0.248
147.0	0.690	0.38844	0.002	0.961	0.004	0.973	0.011	1.776	0.238	0.247
148.0	0.726	0.36292	0.002	0.960	0.004	0.973	0.011	2.000	0.240	0.247
149.0	0.764	0.32365	0.003	0.959	0.004	0.973	0.011	2.360	0.242	0.246
150.0	0.804	0.30240	0.003	0.959	0.005	0.972	0.011	2.658	0.243	0.246
151.0	0.846	0.27527	0.003	0.958	0.005	0.972	0.011	3.072	0.244	0.246
152.0	0.889	0.23781	0.004	0.958	0.005	0.971	0.012	3.738	0.244	0.246
153.0	0.934	0.23218	0.004	0.956	0.005	0.972	0.012	4.023	0.246	0.246
154.0	0.980	0.19864	0.004	0.953	0.006	0.972	0.012	4.933	0.248	0.246
155.0	1.026	0.18238	0.004	0.951	0.007	0.972	0.011	5.626	0.249	0.246
156.0	1.071	0.15675	0.004	0.949	0.007	0.971	0.011	6.836	0.249	0.246
157.0	1.116	0.13703	0.004	0.947	0.008	0.970	0.011	8.142	0.248	0.246
158.0	1.157	0.11939	0.004	0.944	0.008	0.970	0.012	9.694	0.250	0.246
159.0	1.195	0.10417	0.004	0.942	0.009	0.970	0.011	11.475	0.251	0.247
160.0	1.228	0.09563	0.004	0.939	0.009	0.969	0.012	12.837	0.252	0.247
161.0	1.253	0.08002	0.004	0.937	0.009	0.968	0.012	15.658	0.254	0.247
162.0	1.269	0.07078	0.004	0.935	0.009	0.966	0.013	17.934	0.260	0.247
163.0	1.276	0.06143	0.004	0.928	0.010	0.967	0.013	20.768	0.674	0.247
164.0	1.270	0.05222	0.004	0.922	0.010	0.966	0.014	24.321	0.233	0.247
165.0	1.252	0.04351	0.003	0.915	0.010	0.966	0.014	28.766	0.240	0.247
166.0	1.218	0.03662	0.003	0.909	0.010	0.966	0.015	33.268	0.244	0.247
167.0	1.164	0.03082	0.003	0.901	0.010	0.965	0.017	37.763	0.245	0.248
168.0	1.099	0.02639	0.002	0.888	0.011	0.966	0.018	41.650	0.245	0.248
169.0	1.024	0.02169	0.002	0.876	0.012	0.966	0.019	47.198	0.245	0.248
170.0	0.939	0.01812	0.002	0.859	0.012	0.968	0.023	51.850	0.245	0.248
171.0	0.846	0.01489	0.001	0.841	0.013	0.969	0.025	56.821	0.245	0.249
172.0	0.746	0.01220	0.001	0.814	0.015	0.972	0.028	61.166	0.244	0.249
173.0	0.639	0.01008	-0.000	0.783	0.018	0.976	0.032	63.434	0.244	0.250
174.0	0.527	0.00853	-0.001	0.744	0.021	0.979	0.037	61.798	0.243	0.251
175.0	0.411	0.00618	-0.002	0.694	0.025	0.982	0.052	66.567	0.235	0.254
176.0	0.292	0.01162	-0.004	0.634	0.028	0.985	0.978	25.161	0.232	0.265
177.0	0.171	0.00846	-0.006	0.569	0.038	0.987	0.983	20.220	0.237	0.284
178.0	0.048	0.00842	-0.008	0.499	0.053	0.987	0.989	5.748	0.236	0.406
179.0	-0.075	0.00723	-0.009	0.429	0.546	0.987	0.988	-10.362	0.236	0.126
180.0	-0.198	0.00755	-0.011	0.355	0.613	0.985	0.990	-26.213	0.235	0.194


